0 0001
1 0001
0 0001
1 0001
0 0001
1 0001
0 1111
1 1111
0 1111
1 1111
0 1111
1 1111
0 1111
1 1111
0 1111
1 1111
0 1111
1 1111
0 1111
1 1111
0 1111
1 1111
0 1111
1 1111
0 1111
1 1111
0 1111
1 1111
0 1111
1 1111
0 1111
1 1111
0 1111
1 1111
0 1111
1 1111
0 1111
1 1111
0 1111
1 1111
0 1111
1 1111
0 1111
1 1111
0 1111
1 1111
0 1111
1 1111
0 1111
1 1111
0 1111
1 1111
0 1111
1 1111
0 1111
1 1111
0 1111
1 1111
0 1111
1 1111
0 1111
1 1111
0 1111
1 1111
0 1111
1 1111
0 1111
1 1111
0 1111
1 1111
0 1111
1 1111
0 1111
0 1111
